posizione nome gruppo media basso alto meno piu
0 ES 0 0.3256 0.2426 0.4099 0.083 0.0843
1 K0 1 0.3371 0.2592 0.4178 0.0779 0.0807
2 LT 1 0.3462 0.2643 0.4314 0.0819 0.0852
3 ESC 2 0.449 0.3606 0.5369 0.0884 0.0879
4 KC 0 0.4317 0.3491 0.5174 0.0826 0.0857
5 P2 0 0.5024 0.4173 0.5875 0.0851 0.0851
6 ESO 2 0.5032 0.4192 0.5883 0.084 0.0851
7 P3 0 0.5758 0.4919 0.6571 0.0839 0.0813
8 P4 0 0.6073 0.5276 0.6864 0.0797 0.0791
9 LA 1 0.5591 0.476 0.6403 0.0831 0.0812
10 V 1 0.5204 0.4405 0.6013 0.0799 0.0809
11 B 1 0.6068 0.5264 0.6855 0.0804 0.0787
12 A 1 0.613 0.5335 0.6907 0.0795 0.0777
13 RR-LA 3 0.6328 0.5558 0.7096 0.077 0.0768
14 RR-A 3 0.6405 0.5655 0.7153 0.075 0.0748
