QQ9 = CODA(1e7,0.9,1,inf);
mean(QQ9)

ans =

    4.9737

QQ9 = CODA(1e8,0.9,1,inf);
mean(QQ9)

ans =

    4.9423

QQ9b = CODA(1e7,0.45,2,inf);
mean(QQ9b)

ans =

    4.9502

QQ9b = CODA(1e8,0.45,2,inf);
mean(QQ9b)

ans =

    4.9481

QQ8 = CODA(1e7,0.8,1,inf);
mean(QQ8)

ans =

    2.4041

0.8 + 0.8^2/(2*(1-0.8))

ans =

    2.4000

0.9 + 0.9^2/(2*(1-0.9))

ans =

    4.9500

whos
  Name      Size                      Bytes  Class     Attributes

  QQ8       1x8000885              64007080  double              
  QQ9       1x89981906            719855248  double              
  QQ9b      1x44993512            359948096  double              
  ans       1x1                           8  double              

max(QQ9)

ans =

    65

nn9 = hist(QQ9(501:end),0:65)

nn9 =

  Columns 1 through 9

     9012130    13143622    12388821    10352612     8438895     6860897     5581219     4532311     3683505

  Columns 10 through 18

     2994978     2436661     1983734     1613308     1309466     1062684      863768      702596      568550

  Columns 19 through 27

      459706      373334      302004      246586      201286      163709      132938      108075       87271

  Columns 28 through 36

       70710       57942       46931       38255       30347       25175       20136       16062       13161

  Columns 37 through 45

       10927        8968        7199        5966        4864        3838        3211        2538        2134

  Columns 46 through 54

        1750        1326        1006         869         633         543         478         401         334

  Columns 55 through 63

         246         185         135         105          78          69          77          64          45

  Columns 64 through 66

          20          10           2

bar(0:65,nn9/sum(nn9))
0.9 + 0.9^2/(2*(1-0.9))

ans =

    4.9500

nn9(end)/sum(nn9)

ans =

   2.2227e-08

(1-0.9)*(1-exp(-0.9))/exp(-0.9)

ans =

    0.1460

nn9(1)/sum(nn9)

ans =

    0.1002

nn9(2)/sum(nn9)

ans =

    0.1461

0.9 + 0.9^2/(2*(1-0.9))

ans =

    4.9500

RR = CercaCluster(24,0.52)

RR = 

  <a href="matlab:helpPopup('struct')" style="font-weight:bold">struct</a> with fields:

           matrice: [24×24 double]
    percolazioneTB: 0
    percolazioneLR: 0
                 p: 0.5200
             label: [24×24 double]
          clusters: [4 20 1 6 62 1 1 1 1 3 63 1 1 1 1 2 37 1 1 1 2 10 27 6 1 4 3 1 5 1 1 3 3 2 8 3 1 2]

RR.matrice

ans =

  Columns 1 through 18

     0     1     0     0     0     0     1     1     1     1     1     0     0     1     0     1     0     1
     1     0     1     0     1     1     1     0     0     1     1     1     1     0     0     1     1     1
     1     1     0     1     0     1     1     1     1     0     0     0     1     1     1     0     1     0
     0     1     0     1     1     0     0     0     0     1     1     0     0     1     1     1     0     1
     0     0     1     0     0     0     1     0     1     0     1     1     1     0     1     0     0     1
     1     1     1     1     0     0     0     0     0     0     0     0     1     1     1     1     1     1
     0     1     1     1     0     1     1     0     0     1     1     1     1     1     0     1     0     0
     0     0     1     1     0     1     0     0     1     1     1     0     1     1     1     0     0     1
     1     0     1     1     1     1     0     0     1     0     0     0     1     1     1     0     1     0
     0     0     1     0     1     1     0     1     1     0     0     0     0     1     1     0     1     1
     1     0     0     0     0     0     0     1     1     0     0     0     0     1     0     1     1     1
     1     1     0     0     0     0     0     1     1     1     0     0     1     0     1     1     1     1
     1     0     0     0     0     0     0     0     0     0     0     0     0     1     0     1     1     1
     1     0     1     0     1     0     0     1     0     0     1     1     0     1     0     0     0     0
     1     0     0     0     1     0     1     0     0     0     1     1     0     0     0     1     1     0
     0     1     1     1     1     1     0     1     1     1     1     0     1     0     1     1     1     0
     0     1     0     1     1     1     1     1     1     0     0     0     0     1     1     1     0     0
     1     1     0     1     0     0     1     0     1     1     0     0     0     1     0     0     1     0
     1     0     0     0     0     0     0     1     1     0     1     1     0     1     0     1     1     1
     0     0     0     1     1     0     0     1     1     0     0     0     0     0     0     0     1     1
     1     0     0     1     1     0     1     1     1     0     1     1     0     0     1     0     0     1
     1     1     1     1     1     1     1     1     1     1     0     1     1     1     1     1     1     0
     1     0     0     1     1     1     0     0     1     0     0     1     0     1     1     0     1     1
     1     0     1     0     0     1     1     0     1     1     1     0     0     1     0     1     1     0

  Columns 19 through 24

     0     0     1     1     1     1
     0     1     0     0     1     0
     0     1     0     0     0     0
     0     1     0     1     0     0
     1     0     0     1     1     0
     0     0     0     0     0     1
     0     1     0     0     1     0
     0     0     1     0     1     1
     1     1     0     0     0     0
     0     1     1     0     1     1
     1     0     0     0     0     0
     1     0     0     1     1     0
     1     1     1     1     1     0
     1     1     1     1     0     1
     0     0     1     0     0     1
     1     0     0     0     1     0
     1     1     0     0     1     1
     1     0     1     0     1     0
     1     1     0     0     1     0
     1     1     0     0     1     0
     0     1     0     0     1     1
     1     1     0     0     0     0
     1     1     0     0     1     1
     0     0     0     0     0     1

RR = CercaCluster(20,0.52)

RR = 

  <a href="matlab:helpPopup('struct')" style="font-weight:bold">struct</a> with fields:

           matrice: [20×20 double]
    percolazioneTB: 0
    percolazioneLR: 0
                 p: 0.5200
             label: [20×20 double]
          clusters: [3 23 9 5 1 1 5 20 1 1 62 1 29 3 5 1 12 1 1 1 1 1 2 8 1 3 1 1 1 1 1]

RR.matrice

