binopdf(330,600,0.6)

ans =

    0.0015

binopdf(360,600,0.6)

ans =

    0.0332

bar(0:600,binopdf(0:600,600,0.6))
hold
Current plot held
plot(0:600,MYgss(0:600,360,12),'k')
shg
plot(0:600,MYgss(0:600,360,12),'r')
shg
ax = axis

ax =

   -1.2000  601.2000         0    0.0350

ax(1:2) = [300 420]

ax =

  300.0000  420.0000         0    0.0350

axis(ax)
plot([330 330],[0 0.035],'k')
shg
plot([330 330],[0 0.035],'g')
shg
plot([330 330],[0 0.035],'r')
shg
bar(300:330,binopdf(300:330,600,0.6),'r')
shg
binopdf(0:330,600,0.6)

ans =

  Columns 1 through 12

    0.0000    0.0000    0.0000    0.0000    0.0000    0.0000    0.0000    0.0000    0.0000    0.0000    0.0000    0.0000

  Columns 13 through 24

    0.0000    0.0000    0.0000    0.0000    0.0000    0.0000    0.0000    0.0000    0.0000    0.0000    0.0000    0.0000

  Columns 25 through 36

    0.0000    0.0000    0.0000    0.0000    0.0000    0.0000    0.0000    0.0000    0.0000    0.0000    0.0000    0.0000

  Columns 37 through 48

    0.0000    0.0000    0.0000    0.0000    0.0000    0.0000    0.0000    0.0000    0.0000    0.0000    0.0000    0.0000

  Columns 49 through 60

    0.0000    0.0000    0.0000    0.0000    0.0000    0.0000    0.0000    0.0000    0.0000    0.0000    0.0000    0.0000

  Columns 61 through 72

    0.0000    0.0000    0.0000    0.0000    0.0000    0.0000    0.0000    0.0000    0.0000    0.0000    0.0000    0.0000

  Columns 73 through 84

    0.0000    0.0000    0.0000    0.0000    0.0000    0.0000    0.0000    0.0000    0.0000    0.0000    0.0000    0.0000

  Columns 85 through 96

    0.0000    0.0000    0.0000    0.0000    0.0000    0.0000    0.0000    0.0000    0.0000    0.0000    0.0000    0.0000

  Columns 97 through 108

    0.0000    0.0000    0.0000    0.0000    0.0000    0.0000    0.0000    0.0000    0.0000    0.0000    0.0000    0.0000

  Columns 109 through 120

    0.0000    0.0000    0.0000    0.0000    0.0000    0.0000    0.0000    0.0000    0.0000    0.0000    0.0000    0.0000

  Columns 121 through 132

    0.0000    0.0000    0.0000    0.0000    0.0000    0.0000    0.0000    0.0000    0.0000    0.0000    0.0000    0.0000

  Columns 133 through 144

    0.0000    0.0000    0.0000    0.0000    0.0000    0.0000    0.0000    0.0000    0.0000    0.0000    0.0000    0.0000

  Columns 145 through 156

    0.0000    0.0000    0.0000    0.0000    0.0000    0.0000    0.0000    0.0000    0.0000    0.0000    0.0000    0.0000

  Columns 157 through 168

    0.0000    0.0000    0.0000    0.0000    0.0000    0.0000    0.0000    0.0000    0.0000    0.0000    0.0000    0.0000

  Columns 169 through 180

    0.0000    0.0000    0.0000    0.0000    0.0000    0.0000    0.0000    0.0000    0.0000    0.0000    0.0000    0.0000

  Columns 181 through 192

    0.0000    0.0000    0.0000    0.0000    0.0000    0.0000    0.0000    0.0000    0.0000    0.0000    0.0000    0.0000

  Columns 193 through 204

    0.0000    0.0000    0.0000    0.0000    0.0000    0.0000    0.0000    0.0000    0.0000    0.0000    0.0000    0.0000

  Columns 205 through 216

    0.0000    0.0000    0.0000    0.0000    0.0000    0.0000    0.0000    0.0000    0.0000    0.0000    0.0000    0.0000

  Columns 217 through 228

    0.0000    0.0000    0.0000    0.0000    0.0000    0.0000    0.0000    0.0000    0.0000    0.0000    0.0000    0.0000

  Columns 229 through 240

    0.0000    0.0000    0.0000    0.0000    0.0000    0.0000    0.0000    0.0000    0.0000    0.0000    0.0000    0.0000

  Columns 241 through 252

    0.0000    0.0000    0.0000    0.0000    0.0000    0.0000    0.0000    0.0000    0.0000    0.0000    0.0000    0.0000

  Columns 253 through 264

    0.0000    0.0000    0.0000    0.0000    0.0000    0.0000    0.0000    0.0000    0.0000    0.0000    0.0000    0.0000

  Columns 265 through 276

    0.0000    0.0000    0.0000    0.0000    0.0000    0.0000    0.0000    0.0000    0.0000    0.0000    0.0000    0.0000

  Columns 277 through 288

    0.0000    0.0000    0.0000    0.0000    0.0000    0.0000    0.0000    0.0000    0.0000    0.0000    0.0000    0.0000

  Columns 289 through 300

    0.0000    0.0000    0.0000    0.0000    0.0000    0.0000    0.0000    0.0000    0.0000    0.0000    0.0000    0.0000

  Columns 301 through 312

    0.0000    0.0000    0.0000    0.0000    0.0000    0.0000    0.0000    0.0000    0.0000    0.0000    0.0000    0.0000

  Columns 313 through 324

    0.0000    0.0000    0.0000    0.0000    0.0000    0.0001    0.0001    0.0001    0.0001    0.0002    0.0002    0.0003

  Columns 325 through 331

    0.0004    0.0005    0.0006    0.0008    0.0010    0.0012    0.0015

sum(binopdf(0:330,600,0.6))

ans =

    0.0072

quad(@MYgss,-30,-2.5)

ans =

    0.0062

200*0.005

ans =

     1

sqrt(200*0.005*0.995)

ans =

    0.9975

binopdf(0,200,0.005)

ans =

    0.3670

binopdf(1,200,0.005)

ans =

    0.3688

binopdf(2,200,0.005)

ans =

    0.1844

binopdf(3,200,0.005)

ans =

    0.0612

1-sum(binopdf(0:2,200,0.005))

ans =

    0.0798

rand(12)<0.7

ans =

  12×12 <a href="matlab:helpPopup('logical')" style="font-weight:bold">logical</a> array

   0   0   1   1   0   0   0   0   1   1   1   1
   0   1   0   1   0   1   1   1   1   0   0   1
   1   0   0   0   1   1   0   0   1   1   1   1
   0   1   1   1   1   1   1   0   1   1   0   1
   1   1   1   1   1   0   1   1   1   1   0   0
   1   0   1   1   1   0   1   1   0   0   0   1
   1   0   0   0   1   1   1   1   1   1   1   1
   1   0   1   0   1   1   1   1   1   0   1   1
   0   1   1   1   0   1   1   1   1   1   1   0
   0   1   1   1   1   1   0   0   1   0   0   1
   1   0   1   1   1   0   1   0   1   1   1   1
   0   0   0   1   1   1   1   1   1   1   0   1

rand(25)<0.7

