what

MATLAB Code files in the current folder /Users/francescodirenzo/Work/didattica/ModSimMag2526/24nov

processoEstrazione   processoEstrazione2  


n3 = processoEstrazione([10110],1e5);
{Error: <a href="matlab: opentoline('/Users/francescodirenzo/Work/didattica/ModSimMag2526/24nov/processoEstrazione.m',1,1)">File: processoEstrazione.m Line: 1 Column: 1</a>
Invalid file with only commas or semicolons outside of function definitions. To make it a valid function file, remove any
commas and semicolons outside of the functions.
} 
n3 = processoEstrazione([10110],1e5);
{Index exceeds the number of array elements. Index must not exceed 1.

Error in <a href="matlab:matlab.lang.internal.introspective.errorDocCallback('processoEstrazione', '/Users/francescodirenzo/Work/didattica/ModSimMag2526/24nov/processoEstrazione.m', 12)" style="font-weight:bold">processoEstrazione</a> (<a href="matlab: opentoline('/Users/francescodirenzo/Work/didattica/ModSimMag2526/24nov/processoEstrazione.m',12,0)">line 12</a>)
    temp = configurazione(estrattaU3);
           ^^^^^^^^^^^^^^^^^^^^^^^^^^
} 
n3 = processoEstrazione([1 0 1 1 0],1e5);
mean(n3)

ans =

    1.7987

n3 = processoEstrazione([1 0 1 1 0],1e6);
mean(n3)

ans =

    1.7999

n3 = processoEstrazione([1 0 1 1 0],1e6);
mean(n3)

ans =

    1.7992

n3 = processoEstrazione([1 0 1 1 0],1e6);
mean(n3)

ans =

    1.7995

W = [1/3 1/3 0; 2/3 1/2 1;0 1/6 0]

W =

    0.3333    0.3333         0
    0.6667    0.5000    1.0000
         0    0.1667         0

W*W

ans =

    0.3333    0.2778    0.3333
    0.5556    0.6389    0.5000
    0.1111    0.0833    0.1667

W*ans

ans =

    0.2963    0.3056    0.2778
    0.6111    0.5880    0.6389
    0.0926    0.1065    0.0833

W*ans

ans =

    0.3025    0.2978    0.3056
    0.5957    0.6042    0.5880
    0.1019    0.0980    0.1065

W*ans

ans =

    0.2994    0.3007    0.2978
    0.6013    0.5986    0.6042
    0.0993    0.1007    0.0980

W*ans

ans =

    0.3002    0.2998    0.3007
    0.5995    0.6005    0.5986
    0.1002    0.0998    0.1007

W*ans

ans =

    0.2999    0.3001    0.2998
    0.6002    0.5998    0.6005
    0.0999    0.1001    0.0998

W*ans

ans =

    0.3000    0.3000    0.3001
    0.5999    0.6001    0.5998
    0.1000    0.1000    0.1001

W*ans

ans =

    0.3000    0.3000    0.3000
    0.6000    0.6000    0.6001
    0.1000    0.1000    0.1000

W*ans

ans =

    0.3000    0.3000    0.3000
    0.6000    0.6000    0.6000
    0.1000    0.1000    0.1000

W*ans

ans =

    0.3000    0.3000    0.3000
    0.6000    0.6000    0.6000
    0.1000    0.1000    0.1000

W*ans

ans =

    0.3000    0.3000    0.3000
    0.6000    0.6000    0.6000
    0.1000    0.1000    0.1000

W*ans

ans =

    0.3000    0.3000    0.3000
    0.6000    0.6000    0.6000
    0.1000    0.1000    0.1000

mean(n3)

ans =

    1.7995

ii = 1:3

ii =

     1     2     3

estrattaU3 = randi(3)

estrattaU3 =

     1

~(ii==estrattaU3)

ans =

  1×3 <a href="matlab:helpPopup('logical')" style="font-weight:bold">logical</a> array

   0   1   1

find(~(ii==estrattaU3))

ans =

     2     3

estrattaU3 = randi(3)

estrattaU3 =

     2

ii = find(~((1:3)==estrattaU3))

ii =

     1     3

processoEstrazione2([1 0 1 1 0],1)

estrattaU3 =

     1


configurazione =

     1     1     0     1     0


configurazione =

     1     1     0     0     1


ans =

     2

processoEstrazione2([1 0 1 1 0],1)

estrattaU3 =

     2


configurazione =

     1     0     0     1     0


configurazione =

     1     0     0     1     1


ans =

     1

processoEstrazione2([1 0 1 1 0],1)

configurazione =

     1     0     1     1     0


estrattaU3 =

     1


configurazione =

     1     1     0     1     0


configurazione =

     1     1     0     0     1


ans =

     2

processoEstrazione2([1 0 0 1 1],1)

configurazione =

     1     0     0     1     1


estrattaU3 =

     2


configurazione =

     1     0     1     1     1


configurazione =

     1     0     1     1     0


ans =

     2

processoEstrazione2([1 0 0 1 1],1)

configurazione =

     1     0     0     1     1


estrattaU3 =

     2


configurazione =

     1     0     1     1     1


configurazione =

     1     0     1     1     0


ans =

     2

processoEstrazione2([1 0 0 1 1],1)

configurazione =

     1     0     0     1     1


estrattaU3 =

     2


configurazione =

     1     0     1     1     1


configurazione =

     1     0     1     1     0


ans =

     2

processoEstrazione2([1 0 0 1 1],1)

configurazione =

     1     0     0     1     1


estrattaU3 =

     2


configurazione =

     1     0     1     1     1


configurazione =

     1     0     1     1     0


ans =

     2

processoEstrazione2([1 0 0 1 1],1)

configurazione =

     1     0     0     1     1


estrattaU3 =

     1


configurazione =

     1     1     1     1     1


configurazione =

     1     1     1     0     0


ans =

     3

n3 = processoEstrazione2([1 0 1 1 0],1e6);
mean(n3)

ans =

    1.8004

n3 = processoEstrazione2([1 0 1 1 0],1e6);
mean(n3)

ans =

    1.8002

n3 = processoEstrazione2([1 0 1 1 0],1e6);
mean(n3)

ans =

    1.7998

W2 = [0 1/3 1; 2/3 2/3 0;1/3 0 0]

W2 =

         0    0.3333    1.0000
    0.6667    0.6667         0
    0.3333         0         0

W2*W2

ans =

    0.5556    0.2222         0
    0.4444    0.6667    0.6667
         0    0.1111    0.3333

W2*ans

ans =

    0.1481    0.3333    0.5556
    0.6667    0.5926    0.4444
    0.1852    0.0741         0

W2*ans

ans =

    0.4074    0.2716    0.1481
    0.5432    0.6173    0.6667
    0.0494    0.1111    0.1852

W2*ans

ans =

    0.2305    0.3169    0.4074
    0.6337    0.5926    0.5432
    0.1358    0.0905    0.0494

W2*ans

ans =

    0.3471    0.2881    0.2305
    0.5761    0.6063    0.6337
    0.0768    0.1056    0.1358

W2*ans

ans =

    0.2689    0.3077    0.3471
    0.6155    0.5963    0.5761
    0.1157    0.0960    0.0768

W2*ans

ans =

    0.3208    0.2948    0.2689
    0.5895    0.6027    0.6155
    0.0896    0.1026    0.1157

W2*ans

ans =

    0.2861    0.3035    0.3208
    0.6069    0.5983    0.5895
    0.1069    0.0983    0.0896

W2*ans

ans =

    0.3093    0.2977    0.2861
    0.5954    0.6012    0.6069
    0.0954    0.1012    0.1069

W2*ans

ans =

    0.2938    0.3015    0.3093
    0.6031    0.5992    0.5954
    0.1031    0.0992    0.0954

W2*ans

ans =

    0.3041    0.2990    0.2938
    0.5979    0.6005    0.6031
    0.0979    0.1005    0.1031

W2*ans

ans =

    0.2973    0.3007    0.3041
    0.6014    0.5997    0.5979
    0.1014    0.0997    0.0979

W2*ans

ans =

    0.3018    0.2995    0.2973
    0.5991    0.6002    0.6014
    0.0991    0.1002    0.1014

W2*ans

ans =

    0.2988    0.3003    0.3018
    0.6006    0.5998    0.5991
    0.1006    0.0998    0.0991

W2*ans

ans =

    0.3008    0.2998    0.2988
    0.5996    0.6001    0.6006
    0.0996    0.1001    0.1006

W2*ans

ans =

    0.2995    0.3001    0.3008
    0.6003    0.5999    0.5996
    0.1003    0.0999    0.0996

W2*ans

ans =

    0.3004    0.2999    0.2995
    0.5998    0.6000    0.6003
    0.0998    0.1000    0.1003

W2*ans

ans =

    0.2998    0.3001    0.3004
    0.6001    0.6000    0.5998
    0.1001    0.1000    0.0998

W2*ans

ans =

    0.3002    0.3000    0.2998
    0.5999    0.6000    0.6001
    0.0999    0.1000    0.1001

W2*ans

ans =

    0.2999    0.3000    0.3002
    0.6001    0.6000    0.5999
    0.1001    0.1000    0.0999

W2*ans

ans =

    0.3001    0.3000    0.2999
    0.6000    0.6000    0.6001
    0.1000    0.1000    0.1001

W2*ans

ans =

    0.3000    0.3000    0.3001
    0.6000    0.6000    0.6000
    0.1000    0.1000    0.1000

W2*ans

ans =

    0.3000    0.3000    0.3000
    0.6000    0.6000    0.6000
    0.1000    0.1000    0.1000

W2*ans

ans =

    0.3000    0.3000    0.3000
    0.6000    0.6000    0.6000
    0.1000    0.1000    0.1000

W2*ans

ans =

    0.3000    0.3000    0.3000
    0.6000    0.6000    0.6000
    0.1000    0.1000    0.1000

W2*ans

ans =

    0.3000    0.3000    0.3000
    0.6000    0.6000    0.6000
    0.1000    0.1000    0.1000

W^3

ans =

    0.2963    0.3056    0.2778
    0.6111    0.5880    0.6389
    0.0926    0.1065    0.0833

W*W*W

ans =

    0.2963    0.3056    0.2778
    0.6111    0.5880    0.6389
    0.0926    0.1065    0.0833

W^10

ans =

    0.3000    0.3000    0.3000
    0.6000    0.6000    0.6000
    0.1000    0.1000    0.1000

W2^10

ans =

    0.3093    0.2977    0.2861
    0.5954    0.6012    0.6069
    0.0954    0.1012    0.1069

W2^20

ans =

    0.3002    0.3000    0.2998
    0.5999    0.6000    0.6001
    0.0999    0.1000    0.1001

W2^25

ans =

    0.3000    0.3000    0.3000
    0.6000    0.6000    0.6000
    0.1000    0.1000    0.1000

[V,D] = eig(W)

V =

   -0.4423    0.8165    0.4082
   -0.8847   -0.4082   -0.8165
   -0.1474   -0.4082    0.4082


D =

    1.0000         0         0
         0    0.1667         0
         0         0   -0.3333

W

W =

    0.3333    0.3333         0
    0.6667    0.5000    1.0000
         0    0.1667         0

[V,D] = eig(W)

V =

   -0.4423    0.8165    0.4082
   -0.8847   -0.4082   -0.8165
   -0.1474   -0.4082    0.4082


D =

    1.0000         0         0
         0    0.1667         0
         0         0   -0.3333

sum(V)

ans =

   -1.4744    0.0000    0.0000

V(:,1)/sum(V(:,1))

ans =

    0.3000
    0.6000
    0.1000

W2

W2 =

         0    0.3333    1.0000
    0.6667    0.6667         0
    0.3333         0         0

[V2,D2] = eig(W2)

V2 =

   -0.8165    0.4423    0.4082
    0.4082    0.8847   -0.8165
    0.4082    0.1474    0.4082


D2 =

   -0.6667         0         0
         0    1.0000         0
         0         0    0.3333

D

D =

    1.0000         0         0
         0    0.1667         0
         0         0   -0.3333

V2

V2 =

   -0.8165    0.4423    0.4082
    0.4082    0.8847   -0.8165
    0.4082    0.1474    0.4082

D2

D2 =

   -0.6667         0         0
         0    1.0000         0
         0         0    0.3333

V2(:,2)/sum(V2(:,2))

ans =

    0.3000
    0.6000
    0.1000

sum(V)

ans =

   -1.4744    0.0000    0.0000

sum(V2)

ans =

    0.0000    1.4744    0.0000

sqrt(2)

ans =

    1.4142

clc
W*W

ans =

    0.3333    0.2778    0.3333
    0.5556    0.6389    0.5000
    0.1111    0.0833    0.1667

W2*W2

ans =

    0.5556    0.2222         0
    0.4444    0.6667    0.6667
         0    0.1111    0.3333

W2*ans

ans =

    0.1481    0.3333    0.5556
    0.6667    0.5926    0.4444
    0.1852    0.0741         0

W2*ans

ans =

    0.4074    0.2716    0.1481
    0.5432    0.6173    0.6667
    0.0494    0.1111    0.1852

diary off
